data-behind-figure1.csv
# %ECSV 1.0
# ---
# datatype:
# - {name: wavelength, unit: micron, datatype: float64}
# - {name: time, unit: d, datatype: float64}
# - {name: flux, datatype: float64}
# - {name: uncertainty, datatype: float64}
# - {name: planet_model, datatype: float64}
# - {name: systematics_model, datatype: float64}
# - {name: model, datatype: float64}
# - {name: residuals, datatype: float64}
# meta: {name: WASP-39b, time_label: Time from Mid-Transit, tscale: linear, wscale: log}
# schema: astropy-2.0
wavelength time flux uncertainty planet_model systematics_model model residuals
[from data line 3773]
4.281326794105858 -0.003165064660898498 0.9772171291427991 0.00038803762699982374 0.9770889136742226 1.0038506284174207 0.9771082979892247 0.00010883115357440687
4.281326794105858 -0.0024795292895949395 0.9772292034574419 0.0003880381152434491 0.9770863314964349 1.0038493653361644 0.9771057508782398 0.00012345257920209907
4.281326794105858 -0.001793993918291381 0.976281061657699 0.00038803850581820644 0.9770841938132436 1.0038483549255572 0.9771036447745018 -0.000822583116802833
4.281326794105858 -0.00110845901264911 0.9775162923301207 0.0003880389633747509 0.9770826181513542 1.0038471712367325 0.977102104200111 0.0004141881300097072
4.281326794105858 -0.000422924107006839 0.9770654599112107 0.0003880393607057846 0.9770813806824601 1.0038461433522585 0.9771008835304085 -3.542361919772752e-05
4.281326794105858 0.0002626112642967193 0.9768516928759242 0.0003880398002713533 0.9770806486146061 1.0038450062106545 0.9771001658048197 -0.00024847292889551564
4.281326794105858 0.0009481466356002777 0.976598162364071 0.00038804027804342577 0.9770803913860179 1.0038437702330094 0.9770999093188936 -0.000501746954822524
4.281326794105858 0.0016336815412425487 0.9768824545106461 0.000388040715502326 0.9770806339916814 1.0038426385466317 0.9771001523773761 -0.00021769786672998226
4.281326794105858 0.0023192164468848198 0.976858360613459 0.00038804118302709803 0.9770813501779257 1.003841429084025 0.977100869371575 -0.00024250875811604455
4.281326794105858 0.003004751818188378 0.9768710404064606 0.00038804166115964113 0.9770825776279074 1.003840192182673 0.9771020891842724 -0.00023104877781188193
4.281326794105858 0.0036902871894919365 0.9772519875045198 0.00038804209677642347 0.9770841351724376 1.003839065269799 0.9771036374359328 0.00014835006858704425
4.281326794105858 0.0043758220951342075 0.9774994401239011 0.00038804258533935897 0.9770862618815213 1.0038378013916087 0.9771057578655328 0.00039368225836833304
4.281326794105858 0.0050613570007764785 0.9765007362425816 0.00038804302247449 0.9770888271402361 1.0038366705562543 0.9771083061597444 -0.0006075699171628202
4.281326794105858 0.005746892372080037 0.9761946945351372 0.00038804342089824933 0.9770918554298036 1.0038356398664952 0.9771113041460672 -0.0009166096109299859
4.281326794105858 0.006432427743383595 0.9777976230380415 0.0003880437386213589 0.977095136266039 1.0038348179442496 0.9771145517906904 0.0006830712473511191
4.281326794105858 0.007117963114687154 0.9776405249888034 0.0003880440219896161 0.9770988142358766 1.0038340848961758 0.9771181919212021 0.0005223330676012994
4.281326794105858 0.007803498020329425 0.977290048117455 0.0003880444391619233 0.9771032665432884 1.0038330057110645 0.9771226045927915 0.00016744352466346868
4.281326794105858 0.008489032925971696 0.9776021556730609 0.00038804481884879193 0.9771082051103697 1.0038320234992373 0.9771274868847181 0.00047466878834279136
4.281326794105858 0.009174568297275254 0.9768820897302414 0.00038804519327734996 0.9771134998310576 1.0038310548920144 0.9771327343741827 -0.00025064464394131125
4.281326794105858 0.009860103668578812 0.976517544844964 0.0003880455908582802 0.9771192228478315 1.0038300263940902 0.977138388506088 -0.0006208436611240264
4.281326794105858 0.010545638574221083 0.9769338798958579 0.00038804599660262795 0.9771255937949704 1.0038289767804804 0.9771446959618969 -0.00021081606603901015
4.281326794105858 0.011231173479863354 0.9771098880944887 0.00038804645297986447 0.9771324435131947 1.0038277961880775 0.9771514706059143 -4.158251142560854e-05
4.281326794105858 0.011916708851166913 0.977178516644938 0.0003880467984530217 0.9771396149352021 1.0038269024928854 0.9771585742556655 1.994238927249814e-05
4.281326794105858 0.012602244222470471 0.9769928644888713 0.0003880471286916243 0.9771474909408687 1.0038260482090395 0.977166359195402 -0.00017349470653060806
4.281326794105858 0.013287779128112742 0.9775145361863853 0.0003880474586070169 0.9771557451690055 1.003825194762747 0.9771745199335943 0.0003400162527910089
4.281326794105858 0.013973314033755013 0.977189648317906 0.00038804799057212864 0.9771648230274691 1.003823818644342 0.9771834958960819 6.152421824112686e-06
4.281326794105858 0.014658849405058572 0.9769564839257953 0.00038804847411251037 0.9771743934495153 1.0038225677971289 0.9771929817663196 -0.0002364978405243745
4.281326794105858 0.01534438477636213 0.9776857002449004 0.0003880488074373365 0.9771843802881389 1.003821705537082 0.9772028524066344 0.0004828478382660206
4.281326794105858 0.01602992014766569 0.9775712119822139 0.0003880492867282371 0.9771951629545483 1.0038204656878522 0.977213548120421 0.00035766386179281184
4.281326794105858 0.01671545505330796 0.9773417805246258 0.00038804971428172406 0.9772066009502456 1.0038193596776566 0.9772248738555329 0.00011690666909291991
4.281326794105858 0.01740098995895023 0.9772639640361818 0.00038805015810091086 0.9772182936286121 1.0038182115933623 0.9772364581077717 2.750592841005428e-05
4.281326794105858 0.01808652533025379 0.9776593347493926 0.00038805064243924414 0.9772308224697318 1.003816958695966 0.9772488818437923 0.00041045290560026704
4.281326794105858 0.018772060701557347 0.9771036423234335 0.00038805109577968186 0.9772439714642627 1.0038157859874635 0.9772619184474403 -0.00015827612400676205
4.281326794105858 0.019457595607199618 0.9773148409902557 0.00038805148709089083 0.9772578562231111 1.0038147737393937 0.977275676814269 3.916417598670563e-05
4.281326794105858 0.02014313051284189 0.977572477011164 0.0003880519095809663 0.977272571314905 1.0038136808397864 0.9772902760588109 0.0002822009523530955
4.281326794105858 0.020828665884145448 0.9770750550551958 0.00038805221115738905 0.9772875743142028 1.0038129007217245 0.977305157329391 -0.0002301022741952874
4.281326794105858 0.021514201255449006 0.9780785864417921 0.00038805270648932625 0.9773039075749111 1.0038116193994184 0.9773213536889578 0.000757232752834347
4.281326794105858 0.022199736161091277 0.9769702046637629 0.0003880531002704164 0.9773204511516776 1.003810600770696 0.9773377880587616 -0.00036758339499864956
4.281326794105858 0.022885271066733548 0.977187772677674 0.00038805342940639864 0.9773377168940404 1.003809749366835 0.9773549195245523 -0.00016714684687835213
4.281326794105858 0.023570806438037106 0.977970144248446 0.0003880538324511961 0.9773558611792409 1.0038087067787627 0.9773729526263717 0.0005971916220742779
4.281326794105858 0.024256341809340665 0.9776500950514556 0.000388054140224185 0.9773748547608969 1.0038079106393225 0.9773918210260776 0.0002582740253780358
4.281326794105858 0.024941877180644223 0.9767255685911326 0.0003880544331131587 0.9773945821976727 1.0038071530026518 0.9774113893666956 -0.0006858207755630064
4.281326794105858 0.025627412086286494 0.978263390719458 0.00038805475382191817 0.9774151490464446 1.003806323403881 0.9774318264996793 0.0008315642197787021
4.281326794105858 0.026312946991928765 0.977924322624795 0.0003880551163595185 0.9774368880505796 1.0038053856053046 0.9774534372176691 0.00047088540712592053
4.281326794105858 0.026998482363232323 0.9773373177803137 0.0003880555405453879 0.9774594031658623 1.003804288339538 0.9774758158764383 -0.00013849809612453967
4.281326794105858 0.027684017734535882 0.978051025731669 0.00038805606310434755 0.9774829619474947 1.0038029366097894 0.9774992370451231 0.0005517886865459287
4.281326794105858 0.028369552640178153 0.9775762851050309 0.00038805641444883263 0.9775075036770187 1.0038020277712474 0.9775236529461184 5.263215891249118e-05
4.281326794105858 0.029055087545820424 0.978024955267038 0.0003880567511152516 0.9775328590637195 1.0038011569026617 0.9775488720710893 0.00047608319594871773
4.281326794105858 0.029740622917123982 0.9773701526717502 0.0003880570259068554 0.9775592837532963 1.0038004460892724 0.9775751550790944 -0.0002050024073442236
4.281326794105858 0.03042615828842754 0.9780039189388269 0.0003880573352307506 0.977586970574961 1.0037996459511593 0.9776027150126539 0.00040120392617293277
4.281326794105858 0.03111169319406981 0.977159208574145 0.00038805796998641923 0.9776163178063738 1.0037980040121586 0.9776319423879956 -0.000472733813850601
4.281326794105858 0.03179722809971208 0.9773249523443734 0.0003880584554997896 0.977646730979348 1.0037967481257188 0.9776622568527719 -0.0003373045083984172
4.281326794105858 0.03248276347101564 0.9775508769920382 0.00038805893017454355 0.9776785609052091 1.0037955202787674 0.9776939800361903 -0.00014310304415210418
4.281326794105858 0.0331682988423192 0.977781366180723 0.00038805924575167184 0.9777117599742972 1.0037947039732389 0.9777270824061752 5.4283774547747576e-05
4.281326794105858 0.03385383421362276 0.9770994971646253 0.00038805970852239414 0.9777465840952279 1.0037935069234294 0.9777618154748824 -0.0006623183102570929
4.281326794105858 0.03453936911926503 0.9774585910153631 0.000388059925719672 0.9777829434689235 1.003792945099848 0.9777980856058412 -0.0003394945904781066
4.281326794105858 0.0352249040249073 0.9778289747426967 0.0003880604736030472 0.97782135371197 1.0037915278942726 0.9778364414740148 -7.466731318128694e-06
4.281326794105858 0.03591043939621086 0.9780834108635754 0.00038806081154125105 0.9778613401364648 1.0037906537542 0.9778763781518548 0.00020703271172062276
4.281326794105858 0.036595974767514416 0.9773743595421268 0.00038806127800471347 0.9779037683989525 1.0037894471621218 0.9779187770645134 -0.0005444175223865422
4.281326794105858 0.03728150967315669 0.9780673801466605 0.00038806174206805504 0.977948457505406 1.0037882467812684 0.9779634442533479 0.00010393589331259001
4.281326794105858 0.03796704457879896 0.9774014074187118 0.0003880619852055823 0.977995747444506 1.0037876178647511 0.9780107130021625 -0.0006093055834506256
4.281326794105858 0.03865257995010252 0.9783536640181723 0.00038806221394175813 0.9780461910186625 1.0037870262004953 0.9780611702913483 0.00029249372682393915
4.281326794105858 0.039338115321406075 0.9779924499863825 0.0003880625892195156 0.97809956282402 1.0037860554835165 0.9781145893587303 -0.00012213937234784034
4.281326794105858 0.040023650227048346 0.9781073220837663 0.0003880632296782969 0.9781575819437749 1.0037843988370099 0.9781726733484338 -6.535126466755692e-05
4.281326794105858 0.040709185598351905 0.9781943066754051 0.00038806360675633746 0.9782193770174816 1.0037834234684166 0.9782345997186953 -4.0293043290229313e-05
4.281326794105858 0.041394720503994176 0.9786691643154438 0.00038806406851522125 0.9782870693147345 1.003782229062774 0.9783024116532651 0.000366752662178671
4.281326794105858 0.042080255875297734 0.978277705802477 0.0003880644061888646 0.978372552376144 1.0037813556232185 0.9783873770271517 -0.00010967122467475665
4.281326794105858 0.04276579124660129 0.9784138255585965 0.00038806423218833586 0.97870106190806 1.0037818056994485 0.9787130117927937 -0.000299186234197224
4.281326794105858 0.04345132615224356 0.9793498183428159 0.0003880646670804411 0.9792156444911922 1.0037806807921335 0.9792261656232261 0.00012365271958980628
4.281326794105858 0.044136861057885834 0.9798114081411967 0.0003880651283869702 0.9798444005304783 1.0037794875630903 0.9798538290714068 -4.242093021011861e-05
4.281326794105858 0.04482239642918939 0.9805235878577522 0.0003880652109543077 0.9805586552234355 1.0037792739922846 0.9805671658633861 -4.357800563392633e-05
4.281326794105858 0.04550793180049295 0.9811823860071807 0.00038806569022921655 0.9813416581851526 1.003778034289234 0.9813493370880412 -0.00016695108086051125
4.281326794105858 0.04619346670613522 0.9815643339755299 0.0003880658948600493 0.9821787986771743 1.0037775049875413 0.9821857202817103 -0.0006213863061803604
4.281326794105858 0.04687900161177749 0.9836219569328313 0.00038806624883328135 0.9830608209801263 1.003776589395503 0.983067023806249 0.0005549331265822799
4.281326794105858 0.04756453698308105 0.9853477527642291 0.000388066522372007 0.9839788161672044 1.0037758818576115 0.9839843051104022 0.0013634476538268991
4.281326794105858 0.04825007235438461 0.984474732696477 0.0003880671419574206 0.9849259903246104 1.0037742792357254 0.9849308244599143 -0.0004560917634373052
4.281326794105858 0.04893560726002688 0.985446681258188 0.0003880673938390859 0.9858942011597394 1.0037736277191562 0.9858983677178679 -0.00045168645967985643
4.281326794105858 0.04962114263133044 0.9864896510851651 0.00038806773224432325 0.9868779423689655 1.0037727524022346 0.9868814685690411 -0.00039181748387606685
4.281326794105858 0.05030667753697271 0.9873544228164112 0.000388068033214571 0.9878712187007079 1.0037719739157114 0.9878740990156343 -0.0005196761992231069
4.281326794105858 0.05099221290827627 0.9886907625844115 0.00038806837202162985 0.9888684641110229 1.0037710975623295 0.9888707200457959 -0.00017995746138443902
4.281326794105858 0.05167774827957983 0.9900255439717436 0.0003880687066936295 0.9898647850232599 1.0037702319061335 0.9898663962108293 0.00015914776091430216
4.281326794105858 0.0523632831852221 0.990815471272489 0.0003880689437994273 0.9908541602379021 1.0037696186137135 0.9908550946115883 -3.962333909923732e-05
4.281326794105858 0.05304881809086437 0.9917514173332891 0.00038806912030721997 0.9918317110909615 1.0037691620631908 0.9918319476568063 -8.053032351718059e-05
4.281326794105858 0.05373435346216793 0.9931212581182861 0.0003880696267159936 0.9927924437515211 1.0037678522015696 0.9927919605131812 0.0003292976051049168
4.281326794105858 0.054419888833471486 0.9938512329744605 0.0003880699541469255 0.9937305782793115 1.003767005280442 0.9937293378124448 0.00012189516201577266
4.281326794105858 0.05510542373911376 0.9944489782708784 0.00038807003719052645 0.9946404504553447 1.0037667904830634 0.9946384355354884 -0.00018945726460994905
4.281326794105858 0.05579095864475603 0.9956437374753072 0.0003880702259651267 0.9955160568444873 1.0037663022062981 0.9955132021396595 0.0001305353356476635
4.281326794105858 0.056476494016059586 0.9961751098671706 0.00038807060326152886 0.9963506790893126 1.0037653263080693 0.996346948192094 -0.00017183832492340123
4.281326794105858 0.057162029387363145 0.9971344777648209 0.0003880708706766552 0.9971367107906217 1.00376463462505 0.9971320067130833 2.4710517375625685e-06
4.281326794105858 0.057847564293005416 0.9981257569337758 0.0003880711882314327 0.9978656198184047 1.0037638132544744 0.9978598994012077 0.0002658575325681367
4.281326794105858 0.058533099664308974 0.9986006405557561 0.00038807167332031815 0.9985267822796832 1.0037625585515344 0.9985199082027761 8.073235298000636e-05
4.281326794105858 0.059218634569951245 0.9986163387087661 0.00038807209920402395 0.9991060325022924 1.003761456987884 0.9990978722814057 -0.00048153357263958085
4.281326794105858 0.0599041699412548 0.9993558965313045 0.00038807247672297733 0.9995828648968301 1.0037604805234415 0.9995732350349389 -0.0002173385036343678
4.281326794105858 0.06058970531255836 1.000104230415181 0.0003880728904723054 0.9999181091236257 1.0037594103501968 0.9999064619327132 0.00019776848246788603
4.281326794105858 0.06127524021820063 0.9994240953365225 0.00038807299459263947 1.0 1.0037591410406428 0.9999860470071591 -0.0005619516706365513
4.281326794105858 0.061960775123842904 0.9991642137279054 0.00038807331762358505 1.0 1.003758305514855 0.9999860558901061 -0.0008218421622007144
4.281326794105858 0.06264631049514646 0.9997543980486396 0.0003880736605954649 1.0 1.0037574184129774 0.9999860627431608 -0.0002316646945211831
4.281326794105858 0.06333184586645002 1.00010459951833 0.0003880739904947512 1.0 1.003756565125037 0.9999860689379966 0.00011853058033339803
4.281326794105858 0.06401738077209229 0.9997335249708434 0.0003880743258662833 1.0 1.0037556976845634 0.9999860809756895 -0.00025255600484608287
4.281326794105858 0.06470291567773456 0.9999906632486726 0.0003880746344531343 1.0 1.0037548995241519 0.9999860956259429 4.5676227297120064e-06
