data-behind-figure1.csv
# %ECSV 1.0
# ---
# datatype:
# - {name: wavelength, unit: micron, datatype: float64}
# - {name: time, unit: d, datatype: float64}
# - {name: flux, datatype: float64}
# - {name: uncertainty, datatype: float64}
# - {name: planet_model, datatype: float64}
# - {name: systematics_model, datatype: float64}
# - {name: model, datatype: float64}
# - {name: residuals, datatype: float64}
# meta: {name: WASP-39b, time_label: Time from Mid-Transit, tscale: linear, wscale: log}
# schema: astropy-2.0
wavelength time flux uncertainty planet_model systematics_model model residuals
[from data line 3874]
4.281326794105858 0.06607398642034168 0.9993588691977685 0.0003880752621806904 1.0 1.0037532759096848 0.9999861147628759 -0.0006272455651074038
4.281326794105858 0.06675952179164524 1.0002186622004618 0.00038807559508806036 1.0 1.003752414848419 0.99998612254379 0.0002325396566718041
4.281326794105858 0.06744505669728751 0.9999905046210027 0.000388075910329551 1.0 1.0037515994811181 0.9999861312535562 4.373367446519616e-06
4.281326794105858 0.06813059160292978 1.0005372619491724 0.000388076250073664 1.0 1.003750720739642 0.9999861394621774 0.0005511224869949594
4.281326794105858 0.06881612697423334 0.999853471701067 0.000388076554203498 1.0 1.0037499341151044 0.999986149731925 -0.00013267803085803553
4.281326794105858 0.0695016623455369 1.000309502922717 0.00038807686381509546 1.0 1.0037491333133828 0.9999861627662523 0.00032334015646462433
4.281326794105858 0.07018719725117917 0.9998360678336552 0.0003880771990009603 1.0 1.003748266365976 0.9999861725611144 -0.00015010472745924375
4.281326794105858 0.07087273215682144 0.9996992254885192 0.00038807752298700734 1.0 1.0037474283879595 0.9999861795939816 -0.0002869541054624225
4.281326794105858 0.071558267528125 0.9996273526703785 0.0003880778478170408 1.0 1.0037465882284073 0.9999861900699043 -0.00035883739952580207
4.281326794105858 0.07224380289942856 0.999743875552742 0.0003880781960392414 1.0 1.003745687567537 0.9999862012553551 -0.00024232570261306652
4.281326794105858 0.07292933780507083 1.0001040344000374 0.0003880785131297669 1.0 1.0037448674287333 0.9999862147120353 0.00011781968800206322
4.281326794105858 0.0736148727107131 1.0005840724366144 0.0003880788246866375 1.0 1.003744061603757 0.9999862256969511 0.0005978467396633436
4.281326794105858 0.07430040808201666 0.9999818751070365 0.0003880791430307945 1.0 1.0037432382251679 0.9999862404215331 -4.365314496546091e-06
4.281326794105858 0.07498594345332021 0.9998098628512981 0.0003880794560237244 1.0 1.0037424286885328 0.9999862506612377 -0.00017638780993955994
4.281326794105858 0.07567147882462377 0.9996264685898316 0.00038807977386792454 1.0 1.003741606605727 0.9999862611835761 -0.00035979259374452344
4.281326794105858 0.07635701373026604 1.0001498130643327 0.00038808005951894474 1.0 1.003740867789581 0.9999862713360822 0.00016354172825050473
4.281326794105858 0.07704254863590831 0.999908583457657 0.0003880803593609498 1.0 1.0037400922706268 0.9999862802715602 -7.769681390323857e-05
4.281326794105858 0.07772808400721187 0.9997787277222143 0.0003880806888337864 1.0 1.0037392401151217 0.9999862911460814 -0.00020756342386707427
4.281326794105858 0.07841361937851543 0.9996232739073441 0.0003880809997204044 1.0 1.003738436032732 0.9999863004277567 -0.00036302652041264594
4.281326794105858 0.0790991542841577 1.0000691074082517 0.00038808129872742786 1.0 1.003737662677141 0.9999863150531657 8.279235508601435e-05
4.281326794105858 0.07978468918979997 0.9996733413179436 0.0003880816271521702 1.0 1.0037368132365592 0.9999863243195539 -0.0003129830016103119
4.281326794105858 0.08047022456110353 1.0001485841834503 0.0003880819158232003 1.0 1.003736066616508 0.9999863361613753 0.00016224802207498445
4.281326794105858 0.08115575993240709 1.0000372957935788 0.0003880822150771247 1.0 1.003735292625984 0.999986342780176 5.095301340285463e-05
4.281326794105858 0.08184129483804936 0.9998191532847153 0.0003880825017420161 1.0 1.0037345511968616 0.9999863542044113 -0.00016720091969602002
4.281326794105858 0.08252682974369163 0.9994530576014944 0.0003880828242693368 1.0 1.0037337170145808 0.9999863615449065 -0.0005333039434121112
4.281326794105858 0.08321236511499519 0.999555108728426 0.0003880831412795566 1.0 1.0037328971030401 0.9999863748049729 -0.00043126607654686566
4.281326794105858 0.08389790048629875 1.0002964147399678 0.0003880834469951347 1.0 1.0037321064050981 0.9999863884181832 0.00031002632178456224
4.281326794105858 0.08458343585760231 0.9997204834033253 0.0003880837522179737 1.0 1.0037313169828115 0.9999863991720899 -0.00026591576876455747
4.281326794105858 0.08526897076324458 0.9995515642294295 0.00038808403833306537 1.0 1.0037305769815503 0.9999864113290028 -0.00043484709957331
4.281326794105858 0.08595450566888685 1.0000442871133988 0.00038808435541075163 1.0 1.0037297569006465 0.9999864171882831 5.786992511569444e-05
4.281326794105858 0.08664004104019041 1.000130831772382 0.0003880846443868335 1.0 1.0037290095021172 0.9999864212706264 0.00014441050175562076
4.281326794105858 0.08732557641149397 0.9999524165563389 0.00038808494923612803 1.0 1.0037282210508232 0.9999864318846134 -3.401532827451703e-05
4.281326794105858 0.08801111131713624 1.0005869165756671 0.0003880852447579022 1.0 1.003727456725076 0.9999864423579621 0.0006004742177050382
4.281326794105858 0.08869664622277851 1.0000886526440977 0.0003880855106702754 1.0 1.003726768980899 0.9999864574146613 0.00010219522943644144
4.281326794105858 0.08938218159408207 1.000042350098732 0.00038808579136275417 1.0 1.0037260430111237 0.9999864676789597 5.588241977239061e-05
4.281326794105858 0.09006771696538562 0.9999494540948665 0.0003880860767532812 1.0 1.0037253048916148 0.9999864827937303 -3.7028698863794673e-05
4.281326794105858 0.0907532518710279 0.9993647423311477 0.00038808637867080104 1.0 1.003724524028716 0.9999864921611271 -0.0006217498299794233
4.281326794105858 0.09143878677667017 0.9998887709989037 0.0003880866476383302 1.0 1.0037238283868875 0.9999864992708061 -9.772827190235311e-05
4.281326794105858 0.09212432214797373 1.0000844497536316 0.0003880869199238631 1.0 1.003723124164551 0.9999865121280637 9.793762556797869e-05
4.281326794105858 0.09280985751927728 0.9994549612377192 0.00038808721745568325 1.0 1.0037223546479201 0.9999865250247997 -0.0005315637870805245
4.281326794105858 0.09349539289058084 0.9999860559673989 0.0003880874912217428 1.0 1.0037216465985237 0.9999865388943165 -4.829269176775952e-07
4.281326794105858 0.09418092779622311 0.9998923529907154 0.00038808776698946766 1.0 1.00372093337317 0.9999865517050751 -9.419871435967231e-05
4.281326794105858 0.09486646270186538 0.9999125642433272 0.0003880880404743336 1.0 1.0037202260530358 0.9999865576418434 -7.399339851621445e-05
4.281326794105858 0.09555199807316894 0.9992715829300428 0.0003880883298708717 1.0 1.003719477581267 0.9999865643344534 -0.0007149814044106195
4.281326794105858 0.0962375334444725 1.0000149564859764 0.0003880885933064494 1.0 1.0037187962537946 0.9999865812275461 2.8375258430246575e-05
4.281326794105858 0.09692306835011477 0.9999716916727766 0.00038808887988549614 1.0 1.0037180550710636 0.9999865919673327 -1.4900294556197125e-05
4.281326794105858 0.09760860325575704 1.0002674300020433 0.00038808916909657625 1.0 1.0037173070821839 0.9999866083991626 0.0002808216028806765
4.281326794105858 0.0982941386270606 1.0002713473908207 0.000388089439473608 1.0 1.003716607804959 0.9999866205900708 0.0002847268007498682
4.281326794105858 0.09897967399836416 1.000657214906142 0.0003880897381844667 1.0 1.0037158352489743 0.9999866239288575 0.000670590977284391
4.281326794105858 0.09966520890400643 1.000056846129228 0.00038809003325883596 1.0 1.0037150720992112 0.9999866344842232 7.021164500486954e-05
4.281326794105858 0.1003507438096487 0.9996136913435104 0.00038809029416751213 1.0 1.0037143973130218 0.9999866472206919 -0.00037295587718144674
4.281326794105858 0.10103627918095226 1.0001779444813905 0.0003880905919743546 1.0 1.0037136270984854 0.9999866575397557 0.0001912869416348384
4.281326794105858 0.10172181455225582 0.9996738476759617 0.00038809088224090523 1.0 1.0037128763864598 0.9999866684167669 -0.0003128207408051864
4.281326794105858 0.10240734992355938 0.999844805668758 0.00038809110867316353 1.0 1.0037122907688865 0.9999866802504278 -0.0001418745816698097
4.281326794105858 0.10309288482920165 1.0005158277960378 0.00038809134609620136 1.0 1.0037116767267966 0.999986690638086 0.0005291371579517756
4.281326794105858 0.10377841973484392 1.0002838932092282 0.0003880915897020122 1.0 1.0037110466951151 0.9999867032267709 0.0002971899824573132
4.281326794105858 0.10446395510614748 1.0006107812216132 0.0003880918795633653 1.0 1.0037102970348994 0.9999867112024504 0.0006240700191627591
4.281326794105858 0.10514949047745104 0.999936627951982 0.00038809216411631205 1.0 1.0037095611047542 0.9999867180264421 -5.009007446010738e-05
4.281326794105858 0.1058350253830933 1.0000855297308258 0.00038809243182122123 1.0 1.0037088687491325 0.9999867270335968 9.880269722895019e-05
4.281326794105858 0.10652056028873558 0.9998950419406795 0.0003880926832398784 1.0 1.003708218514931 0.9999867353460544 -9.169340537495962e-05
4.281326794105858 0.10720609566003914 0.9993068237476551 0.00038809290487630045 1.0 1.0037076453060536 0.9999867430128153 -0.0006799192651602004
4.281326794105858 0.1078916310313427 1.0000071661937218 0.00038809315197727815 1.0 1.003707006240048 0.9999867555399192 2.041065380253837e-05
4.281326794105858 0.10857716593698497 1.0000538847646048 0.000388093395226458 1.0 1.0037063771365664 0.9999867619760949 6.712278850984355e-05
4.281326794105858 0.10926270130828852 0.9997557655986239 0.0003880936669705267 1.0 1.0037056743390773 0.9999867742782067 -0.00023100867958281146
4.281326794105858 0.1099482362139308 1.0003361209105464 0.000388093933533885 1.0 1.003704984941145 0.9999867865204192 0.00034933439012718726
4.281326794105858 0.11063377158523435 0.9996449729390464 0.0003880941946024751 1.0 1.003704309754943 0.9999867966310554 -0.000341823692008969
4.281326794105858 0.11131930695653791 1.0004487954972092 0.0003880944681402616 1.0 1.0037036023213728 0.9999868062738484 0.0004619892233608258
4.281326794105858 0.11200484186218018 1.000033862135046 0.0003880947515325094 1.0 1.003702869402881 0.9999868149418113 4.704719323467277e-05
4.281326794105858 0.11269037676782245 0.9995604419267103 0.0003880950168224345 1.0 1.0037021833021904 0.9999868254467643 -0.0004263835200539745
4.281326794105858 0.11337591213912601 1.0006607867172699 0.00038809524712291466 1.0 1.003701587693003 0.9999868352255131 0.0006739514917567524
4.281326794105858 0.11406144751042957 0.9998301031642495 0.0003880955117919866 1.0 1.0037009031997284 0.9999868478290308 -0.00015674466478132754
4.281326794105858 0.11474698241607184 0.9998221836227462 0.0003880957842129139 1.0 1.0037001986594014 0.999986861074403 -0.000164677451656825
4.281326794105858 0.11543251732171411 0.9995452514347531 0.00038809603023386055 1.0 1.00369956239607 0.9999868715054979 -0.00044162007074477483
4.281326794105858 0.11611805269301767 0.9993950661398644 0.00038809626682403053 1.0 1.003698950523526 0.9999868823615095 -0.0005918162216450584
4.281326794105858 0.11680358806432123 0.9995763648333279 0.0003880965156585198 1.0 1.0036983069853709 0.9999868979405144 -0.00041053310718652813
4.281326794105858 0.1174891229699635 0.9994474903633578 0.00038809677647608 1.0 1.0036976324573679 0.9999869074475738 -0.0005394170842160095
4.281326794105858 0.11817465834126706 1.0003364900952476 0.0003880970217334983 1.0 1.0036969981719281 0.9999869181056078 0.0003495719896398075
4.281326794105858 0.11886019324690933 1.0002425769696497 0.00038809728900473655 1.0 1.003696306955197 0.9999869275585558 0.0002556494110939056
4.281326794105858 0.11954572861821289 0.9996171819647398 0.0003880975409717649 1.0 1.0036956553190768 0.999986939173669 -0.00036975720892917785
4.281326794105858 0.12023126398951645 0.999623308366966 0.00038809778246663484 1.0 1.0036950307668049 0.9999869526000007 -0.00036364423303469895
4.281326794105858 0.12091679889515872 0.9998833205535703 0.00038809803988288185 1.0 1.0036943650396395 0.9999869674936207 -0.00010364694005038366
4.281326794105858 0.12160233380080099 0.9998783269510355 0.00038809827821028247 1.0 1.0036937486806334 0.9999869777962548 -0.00010865084521927137
4.281326794105858 0.12228786917210455 1.000248476931118 0.0003880985121509234 1.0 1.0036931436673402 0.9999869852776619 0.0002614916534560141
4.281326794105858 0.1229734045434081 0.9998813400815781 0.0003880987837798933 1.0 1.0036924411860493 0.99998700166796 -0.00010566158638181111
4.281326794105858 0.12365893944905038 1.0001963878785478 0.00038809904157713956 1.0 1.0036917744769887 0.9999870166634952 0.0002093712150526006
4.281326794105858 0.12434447435469265 1.00001259768937 0.00038809929460686905 1.0 1.003691120098427 0.9999870275927372 2.557009663273213e-05
4.281326794105858 0.1250300097259962 1.0001516167187399 0.0003880995514422035 1.0 1.0036904558787865 0.9999870381857614 0.00016457853297846547
4.281326794105858 0.12571554509729976 0.9998640747082528 0.00038809978953051777 1.0 1.0036898401428982 0.9999870529617058 -0.00012297825345297664
4.281326794105858 0.12640108000294203 1.0001073354343748 0.0003881000148889157 1.0 1.0036892573293819 0.9999870637784231 0.0001202716559517425
4.281326794105858 0.1270866153742456 1.000253818607341 0.0003881002548273421 1.0 1.0036886368102813 0.9999870736081439 0.0002667449991972104
4.281326794105858 0.12777215027988786 1.0004029168064115 0.0003881005117741821 1.0 1.003687972305557 0.9999870846097697 0.0004158321966417633
4.281326794105858 0.12845768565119142 0.9999399300799675 0.00038810075665350786 1.0 1.0036873390101313 0.9999870954328421 -4.716535287463408e-05
4.281326794105858 0.12914322102249498 0.9993794400440515 0.0003881010053722143 1.0 1.0036866957862973 0.9999871084962098 -0.0006076684521582054
4.281326794105858 0.12982875592813725 1.0005874964093748 0.0003881012188581301 1.0 1.0036861436803957 0.9999871198282215 0.0006003765811533057
4.281326794105858 0.13051429083377952 0.9998038062402905 0.00038810145683981095 1.0 1.0036855282255672 0.9999871311840286 -0.0001833249437380724
4.281326794105858 0.13119982620508308 1.0002758166587016 0.000388101699763971 1.0 1.0036848999895556 0.9999871382271406 0.0002886784315609958
4.281326794105858 0.13188536157638664 0.9999464843341235 0.000388101915008014 1.0 1.0036843433388736 0.9999871453169125 -4.0660982788987e-05
4.281326794105858 0.1325708964820289 0.9999079846669187 0.0003881021650167512 1.0 1.0036836967826883 0.999987158386763 -7.917371984433874e-05
4.281326794105858 0.13325643138767118 0.9996755813930699 0.0003881024087870374 1.0 1.0036830663607779 0.9999871703388564 -0.00031158894578653396
4.281326794105858 0.13394196675897474 1.0002162099899539 0.0003881026405188123 1.0 1.0036824670727698 0.9999871792452699 0.00022903074468394458
4.281326794105858 0.1346275021302783 1.000132216301853 0.00038810287760866156 1.0 1.0036818539288366 0.9999871892756319 0.00014502702622098962
4.281326794105858 0.13531303750158186 0.9999618663665064 0.00038810310320822267 1.0 1.003681270500918 0.9999871984155667 -2.53320490603004e-05
4.281326794105858 0.13599857240722413 0.9994673086335641 0.0003881033237639599 1.0 1.0036807001175971 0.9999872058389793 -0.0005198972054151207
4.281326794105858 0.1366841073128664 0.9997618504709569 0.000388103575626423 1.0 1.0036800487721598 0.999987215354584 -0.0002253648836271216
4.281326794105858 0.13736964268416996 1.0000151330101184 0.0003881038029938746 1.0 1.0036794607743789 0.9999872254213547 2.7907588763698143e-05
4.281326794105858 0.13805517805547352 0.9997706732527671 0.0003881040558306398 1.0 1.0036788069108997 0.9999872380378599 -0.00021656478509279875
4.281326794105858 0.1387407129611158 1.000225356203624 0.0003881043238425043 1.0 1.0036781138038873 0.9999872452633369 0.00023811094028713953
4.281326794105858 0.13942624786675806 1.0000382476832361 0.0003881045648161615 1.0 1.0036774906213544 0.9999872646739278 5.098300930828081e-05
4.281326794105858 0.14011178323806162 1.0005305749389715 0.0003881047822360971 1.0 1.0036769283518197 0.9999872781305186 0.0005432968084528866
4.281326794105858 0.14079731860936517 1.0001353701788813 0.0003881050079947505 1.0 1.0036763445181995 0.9999872901217554 0.0001480800571259655
