data-behind-figure1.csv
# %ECSV 1.0
# ---
# datatype:
# - {name: wavelength, unit: micron, datatype: float64}
# - {name: time, unit: d, datatype: float64}
# - {name: flux, datatype: float64}
# - {name: uncertainty, datatype: float64}
# - {name: planet_model, datatype: float64}
# - {name: systematics_model, datatype: float64}
# - {name: model, datatype: float64}
# - {name: residuals, datatype: float64}
# meta: {name: WASP-39b, time_label: Time from Mid-Transit, tscale: linear, wscale: log}
# schema: astropy-2.0
wavelength time flux uncertainty planet_model systematics_model model residuals
[from data line 3560]
4.281326794105858 -0.14918405311375027 1.00029502622309 0.00038786846748471634 1.0 1.0042884337555154 0.9999877997887064 0.00030722643438363395
4.281326794105858 -0.1484985177424467 0.9997548256211723 0.00038786996088183866 1.0 1.0042845669918878 0.9999877466588434 -0.00023292103767103
4.281326794105858 -0.14781298283680444 0.9999940952126603 0.0003878715173475183 1.0 1.004280536960315 0.9999876961931243 6.399019535918704e-06
4.281326794105858 -0.14712744746550088 0.9999000018627218 0.00038787301656252886 1.0 1.0042766551938824 0.9999876374492682 -8.763558654645287e-05
4.281326794105858 -0.1464419125598586 0.9998262338512992 0.00038787448964014464 1.0 1.004272841131601 0.9999875899099465 -0.00016135605864731062
4.281326794105858 -0.14575637718855505 1.0000326522538814 0.0003878759409970459 1.0 1.0042690833364798 0.9999875388719285 4.511338195289927e-05
4.281326794105858 -0.1450708418172515 1.0004949616179166 0.00038787745397721597 1.0 1.004265166018799 0.999987503861764 0.0005074577561525739
4.281326794105858 -0.14438530691160922 1.000547387356221 0.0003878788262178434 1.0 1.0042616131219444 0.9999874558867213 0.0005599314694996194
4.281326794105858 -0.14369977200596695 1.0007158869021984 0.00038788022077091956 1.0 1.0042580024812187 0.9999874158949728 0.0007284710072256173
4.281326794105858 -0.1430142366346634 0.9996425928368311 0.00038788158196683743 1.0 1.0042544782306304 0.9999873658445158 -0.00034477300768465113
4.281326794105858 -0.14232870126335984 0.9997363883727804 0.00038788293940451125 1.0 1.0042509637350845 0.9999873176591315 -0.0002509292863510648
4.281326794105858 -0.14164316635771756 1.0005868482891784 0.0003878842881869106 1.0 1.0042474716729781 0.9999872697269987 0.0005995785621797367
4.281326794105858 -0.1409576314520753 1.0003154733932338 0.00038788559255899404 1.0 1.004244094614402 0.9999872268292705 0.0003282465639632415
4.281326794105858 -0.14027209608077174 1.0000590898359487 0.00038788696309255703 1.0 1.004240546286234 0.9999871946288122 7.189520713646314e-05
4.281326794105858 -0.13958656070946818 1.000639062654591 0.00038788826772097177 1.0 1.0042371686105966 0.9999871640196945 0.0006518986348964528
4.281326794105858 -0.13890102533816462 0.999537514023196 0.00038788959533208917 1.0 1.004233731456196 0.9999871215058908 -0.00044960748269473605
4.281326794105858 -0.13821549043252235 0.9998915065059317 0.000387890911903056 1.0 1.004230322907725 0.9999870811063645 -9.557460043274624e-05
4.281326794105858 -0.13752995552688008 0.9995772769798758 0.0003878921858822404 1.0 1.004227024649667 0.9999870382015724 -0.0004097612216966695
4.281326794105858 -0.13684442015557652 0.9998306264075044 0.00038789346370738303 1.0 1.00422371645641 0.9999869989649729 -0.000156372557468476
4.281326794105858 -0.13615888478427296 1.000204385935493 0.00038789473908080666 1.0 1.004220414632203 0.9999869668129602 0.0002174191225328137
4.281326794105858 -0.1354733498786307 1.0003220161346913 0.00038789598048450134 1.0 1.0042172007733445 0.9999869359879235 0.0003350801467677522
4.281326794105858 -0.13478781497298842 1.0002814734232859 0.00038789722023387384 1.0 1.0042139912178758 0.999986899835851 0.0002945735874348987
4.281326794105858 -0.13410227960168486 1.0001342143150596 0.0003878984917622646 1.0 1.0042106994118303 0.9999868643357162 0.000147349979343403
4.281326794105858 -0.1334167442303813 0.9997591451778388 0.0003878996871032833 1.0 1.0042076048637283 0.9999868292848029 -0.0002276841069640545
4.281326794105858 -0.13273120932473903 1.0004092678574015 0.00038790087762013937 1.0 1.0042045228235745 0.9999867894776948 0.0004224783797066589
4.281326794105858 -0.13204567441909676 0.9999225803635972 0.00038790211459471704 1.0 1.0042013205325355 0.9999867587644511 -6.417840085393145e-05
4.281326794105858 -0.1313601390477932 0.9998580413997984 0.00038790332777451086 1.0 1.0041981798614874 0.9999867276138494 -0.00012868621405104363
4.281326794105858 -0.13067460367648964 1.000690196708762 0.0003879045224120066 1.0 1.004195087211803 0.9999866932521054 0.0007035034566565956
4.281326794105858 -0.12998906830518608 0.9997467497518704 0.0003879057292785216 1.0 1.0041919629232614 0.9999866629281391 -0.00023991317626870234
4.281326794105858 -0.1293035333995438 1.0003087895198477 0.00038790688435202014 1.0 1.0041889727326496 0.9999866291315054 0.0003221603883423185
4.281326794105858 -0.12861799849390154 0.9999909807139936 0.00038790801190031695 1.0 1.0041860538149394 0.9999865884802858 4.392233707850579e-06
4.281326794105858 -0.12793246312259798 1.000395443057921 0.0003879091500546146 1.0 1.0041831074583694 0.9999865574455 0.00040888561242091725
4.281326794105858 -0.12724692775129443 0.999493235086108 0.0003879102712351577 1.0 1.0041802050589093 0.9999865349067862 -0.0004932998206782502
4.281326794105858 -0.12656139284565215 0.9997185373027891 0.0003879114329040737 1.0 1.0041771978649179 0.9999865013468597 -0.00026796404407058994
4.281326794105858 -0.12587585794000988 1.0001391263510189 0.0003879125544033669 1.0 1.0041742946744825 0.9999864695595232 0.00015265679149567557
4.281326794105858 -0.12519032256870632 1.0003589505167494 0.00038791368676020967 1.0 1.0041713633944769 0.9999864467248754 0.0003725037918740348
4.281326794105858 -0.12450478719740277 0.9996729576767074 0.00038791476404604805 1.0 1.004168574690129 0.9999864127367868 -0.00031345506007940394
4.281326794105858 -0.1238192522917605 0.9996032397725039 0.0003879158757450226 1.0 1.0041656969188273 0.9999863874784322 -0.0003831477059282884
4.281326794105858 -0.12313371738611822 0.9999430936088315 0.0003879169735635425 1.0 1.0041628550949984 0.9999863563010385 -4.3262692207002296e-05
4.281326794105858 -0.12244818201481467 1.000178530499567 0.00038791807843793134 1.0 1.0041599950225177 0.9999863299526935 0.00019220054687341115
4.281326794105858 -0.12176264664351111 1.0007007819894125 0.00038791911083152725 1.0 1.0041573225881901 0.9999862984223271 0.0007144835670853666
4.281326794105858 -0.12107711127220755 0.999574803962613 0.00038792018938487897 1.0 1.0041545306807937 0.9999862717176542 -0.0004114677550411949
4.281326794105858 -0.12039157636656528 0.9998729628494327 0.0003879212612688611 1.0 1.0041517560528874 0.9999862436606284 -0.00011328081119565958
4.281326794105858 -0.11970604146092301 0.9998476268727705 0.00038792230030146486 1.0 1.0041490664771324 0.9999862212804528 -0.00013859440768226872
4.281326794105858 -0.11902050608961945 1.00017675123325 0.00038792334500221503 1.0 1.004146362243689 0.9999861930022591 0.0001905582309909004
4.281326794105858 -0.11833497071831589 1.000214403491478 0.0003879243748019557 1.0 1.0041436965961286 0.9999861710053842 0.00022823248609371571
4.281326794105858 -0.11764943581267362 0.999720512315831 0.0003879254362666705 1.0 1.0041409489982582 0.9999861457174999 -0.0002656334016688522
4.281326794105858 -0.11696390090703135 1.000418831298288 0.0003879264724628562 1.0 1.0041382668223946 0.999986119451264 0.000432711847023981
4.281326794105858 -0.11627836553572779 1.0000003627482668 0.00038792745990942824 1.0 1.0041357108473943 0.9999860928696465 1.4269878620298826e-05
4.281326794105858 -0.11559283016442423 0.9997683348894567 0.0003879284938571682 1.0 1.0041330345195008 0.9999860675156415 -0.0002177326261847412
4.281326794105858 -0.11490729525878196 0.999332896865904 0.0003879294803179487 1.0 1.0041304811227953 0.9999860508504034 -0.0006531539844993883
4.281326794105858 -0.11422176035313969 0.9995001197642787 0.0003879304589728254 1.0 1.004127947944053 0.9999860363897487 -0.0004859166254700398
4.281326794105858 -0.11353622498183613 0.9995907486074233 0.0003879314287115415 1.0 1.004125437856767 0.9999860135527646 -0.000395264945341367
4.281326794105858 -0.11285068961053257 1.0003384518394693 0.00038793241512291815 1.0 1.004122884626573 0.9999859972140014 0.00035245462546795725
4.281326794105858 -0.11216515423922901 1.0001900177525131 0.0003879334001861922 1.0 1.0041203348987697 0.9999859755649178 0.00020404218759539905
4.281326794105858 -0.11147961933358674 1.000081933065253 0.0003879343922115964 1.0 1.0041177671633457 0.9999859516331527 9.598143210032273e-05
4.281326794105858 -0.11079408442794447 1.0002925391089341 0.00038793537285045933 1.0 1.0041152289134867 0.999985929488028 0.00030660962090611754
4.281326794105858 -0.11010854905664091 1.0000875164455796 0.00038793633965188807 1.0 1.0041127264924998 0.9999859010419536 0.00010161540362596533
4.281326794105858 -0.10942301368533736 0.9988447980214353 0.00038793729448799425 1.0 1.0041102550542043 0.9999858825770965 -0.0011410845556611982
4.281326794105858 -0.10873747877969508 0.9996823116388927 0.00038793822910101236 1.0 1.004107835971872 0.9999858647417729 -0.0003035531028802163
4.281326794105858 -0.10805194387405281 1.0000042730687118 0.0003879391207551781 1.0 1.0041055280918803 0.9999858493987347 1.842366997706346e-05
4.281326794105858 -0.10736640850274926 0.9998796281623032 0.00038794003403353394 1.0 1.004103164252716 0.9999858291616978 -0.00010620099939451233
4.281326794105858 -0.1066808731314457 1.0005391610747367 0.00038794096671927866 1.0 1.0041007501928774 0.9999858106801974 0.0005533503945392981
4.281326794105858 -0.10599533822580343 1.000092535446291 0.0003879419026524009 1.0 1.0040983277395572 0.9999857950843644 0.00010674036192670489
4.281326794105858 -0.10530980332016115 0.9997625453459087 0.00038794285607890466 1.0 1.004095860020554 0.9999857747621224 -0.0002232294162136661
4.281326794105858 -0.1046242679488576 0.9997544324582427 0.00038794379228963854 1.0 1.0040934368723025 0.9999857626842993 -0.00023133022605659193
4.281326794105858 -0.10393873257755404 0.9997996680223941 0.0003879446734131272 1.0 1.0040911563143449 0.9999857447492163 -0.00018607672682224852
4.281326794105858 -0.10325319720625048 1.0003619351144741 0.00038794557299538785 1.0 1.0040888279913658 0.9999857237084878 0.0003762114059863153
4.281326794105858 -0.10256766230060821 0.9996590037702355 0.00038794642635199544 1.0 1.0040866193208438 0.9999857106846619 -0.0003267069144263779
4.281326794105858 -0.10188212739496594 1.000522864187762 0.0003879473132468331 1.0 1.0040843238564627 0.9999856871166466 0.0005371770711153356
4.281326794105858 -0.10119659202366238 0.999941910948498 0.000387948220457385 1.0 1.0040819758217367 0.9999856748914576 -4.3763942959573754e-05
4.281326794105858 -0.10051105665235882 0.9996607968453611 0.0003879491000738606 1.0 1.0040796992162524 0.9999856561835865 -0.0003248593382253473
4.281326794105858 -0.09982552174671655 1.000166950779788 0.00038794997438907464 1.0 1.0040774363416163 0.9999856430377726 0.00018130774201530198
4.281326794105858 -0.09913998684107428 1.0002060865303424 0.0003879508358981882 1.0 1.004075206621296 0.9999856244471879 0.00022046208315451565
4.281326794105858 -0.09845445146977072 1.0000909009301555 0.00038795168767193625 1.0 1.0040730021073596 0.9999856085097214 0.00010529242043411102
4.281326794105858 -0.09776891609846716 1.0002007610378787 0.0003879525344270542 1.0 1.0040708105919605 0.999985599591868 0.0002151614460107476
4.281326794105858 -0.09708338119282489 1.0001688016598782 0.00038795340274911636 1.0 1.0040685632683628 0.9999855836356787 0.00018321802419951627
4.281326794105858 -0.09639784582152133 0.9994475682172744 0.0003879542348056656 1.0 1.0040664098137824 0.9999855629230465 -0.0005379947057720935
4.281326794105858 -0.09571231091587906 1.0006629536724712 0.000387955059205105 1.0 1.004064276185761 0.999985554203245 0.0006773994692261809
4.281326794105858 -0.0950267755445755 1.0002063623804653 0.0003879558945002209 1.0 1.0040621143678898 0.9999855366058241 0.0002208257746412201
4.281326794105858 -0.09434124017327195 0.9999936526949932 0.00038795671148592135 1.0 1.0040599999454156 0.9999855198971803 8.132797812865356e-06
4.281326794105858 -0.09365570526762967 0.9999820775986296 0.0003879575712654054 1.0 1.0040577747789214 0.9999855039365073 -3.4263378777543707e-06
4.281326794105858 -0.0929701703619874 1.000452859059983 0.0003879583780945153 1.0 1.004055686660488 0.9999854869959544 0.0004673720640286927
4.281326794105858 -0.09228463499068384 1.0003392770140689 0.00038795919029184793 1.0 1.0040535846575689 0.9999854755300627 0.0003538014840062109
4.281326794105858 -0.09159909961938029 1.0002539354715074 0.0003879600148843853 1.0 1.0040514505843106 0.9999854577623772 0.0002684777091301882
4.281326794105858 -0.09091356471373802 0.9997313020789588 0.00038796083949201303 1.0 1.00404931648107 0.9999854431674505 -0.000254141088491755
4.281326794105858 -0.09022802980809574 1.0005100363500086 0.00038796162186049916 1.0 1.0040472917020726 0.9999854372809477 0.0005245990690608826
4.281326794105858 -0.08954249443679219 1.0006213670993116 0.00038796242650587245 1.0 1.0040452092787433 0.9999854251435506 0.0006359419557609991
4.281326794105858 -0.08885695906548863 0.9998030594776349 0.0003879631840247839 1.0 1.0040432488266557 0.999985417031562 -0.00018235755392703723
4.281326794105858 -0.08817142415984636 1.0005857754462735 0.00038796396916464097 1.0 1.0040412168998907 0.9999854040723711 0.000600371373902342
4.281326794105858 -0.0874858887885428 1.0002932781940923 0.00038796472964499734 1.0 1.0040392487992773 0.9999853948717278 0.00030788332236453275
4.281326794105858 -0.08680035388290053 1.0006704727747036 0.0003879655050946101 1.0 1.004037241966617 0.9999853867910122 0.0006850859836913248
4.281326794105858 -0.08611481851159697 0.999572893362068 0.0003879662993084728 1.0 1.0040351865811423 0.9999853790752015 -0.00041248571313345916
4.281326794105858 -0.08542928314029341 1.000359987274474 0.00038796708257831985 1.0 1.004033159526471 0.9999853703952636 0.00037461687921036546
4.281326794105858 -0.08474374823465114 0.999104200995808 0.00038796782791336934 1.0 1.004031230652346 0.9999853592936739 -0.0008811582978659471
4.281326794105858 -0.08405821332900887 1.0003786733978226 0.00038796860938999505 1.0 1.0040292082543498 0.9999853451627967 0.00039332823502591374
4.281326794105858 -0.08337267795770531 1.0003129983818313 0.0003879693573661385 1.0 1.0040272725605097 0.9999853355697388 0.0003276628120925107
4.281326794105858 -0.08268714258640175 1.000519343923412 0.0003879700779162409 1.0 1.0040254078498136 0.999985329924887 0.0005340139985249293
4.281326794105858 -0.08200160768075948 1.000026309572233 0.00038797082835775973 1.0 1.0040234657905223 0.9999853215643428 4.098800789020807e-05
4.281326794105858 -0.08131607277511721 0.9999769887026843 0.00038797158725419945 1.0 1.0040215018584753 0.9999853092888027 -8.320586118437667e-06
4.281326794105858 -0.08063053740381365 0.9999923543285849 0.0003879723147986226 1.0 1.0040196190688624 0.9999853062413325 7.048087252381485e-06
4.281326794105858 -0.07994500203251009 0.9998409876616776 0.00038797303758659633 1.0 1.0040177485953095 0.9999852962064056 -0.00014430854472802235
4.281326794105858 -0.07925946712686782 1.0004166936462326 0.0003879737771938382 1.0 1.004015834603072 0.9999852846358458 0.00043140901038685175
4.281326794105858 -0.07857393175556426 0.9995796791737221 0.0003879745035559772 1.0 1.0040139548942701 0.9999852745722144 -0.00040559539849227555
4.281326794105858 -0.07788839684992199 1.0001340545741306 0.0003879752087926167 1.0 1.0040121298616098 0.9999852635000339 0.00014879107409671022
4.281326794105858 -0.07720286147861843 1.0001491977433963 0.00038797591874107566 1.0 1.0040102926422618 0.9999852530999589 0.0001639446434373859
4.281326794105858 -0.07651732610731488 0.9999836492886909 0.0003879766359064674 1.0 1.0040084367536124 0.9999852437790616 -1.5944903707376668e-06
4.281326794105858 -0.0758317912016726 1.0003244285807964 0.00038797732493178294 1.0 1.0040066536926306 0.9999852371672344 0.0003391914135619789
4.281326794105858 -0.07514625629603033 0.9998745706783044 0.0003879780120671782 1.0 1.0040048755286952 0.9999852333319932 -0.00011066265368875339
4.281326794105858 -0.07446072092472678 0.9999081393631178 0.0003879787226601482 1.0 1.0040030366680444 0.9999852345129254 -7.709514980758225e-05
