data-behind-figure1.csv
# %ECSV 1.0
# ---
# datatype:
# - {name: wavelength, unit: micron, datatype: float64}
# - {name: time, unit: d, datatype: float64}
# - {name: flux, datatype: float64}
# - {name: uncertainty, datatype: float64}
# - {name: planet_model, datatype: float64}
# - {name: systematics_model, datatype: float64}
# - {name: model, datatype: float64}
# - {name: residuals, datatype: float64}
# meta: {name: WASP-39b, time_label: Time from Mid-Transit, tscale: linear, wscale: log}
# schema: astropy-2.0
wavelength time flux uncertainty planet_model systematics_model model residuals
[from data line 2709]
3.8739046821469167 -0.04703931445448761 0.9873690296253081 0.0003559875409546204 0.9868057199802199 1.0031375651061094 0.986802028360449 0.0005670012648592015
3.8739046821469167 -0.04635377954884534 0.9860224224487566 0.000355988270224243 0.985867476795206 1.0031355101008894 0.9858640218677236 0.00015840058103300247
3.8739046821469167 -0.04566824464320307 0.9847617706620375 0.0003559889824583706 0.9849500924155576 1.0031335031080326 0.9849469098809951 -0.00018513921895757512
3.8739046821469167 -0.04498270927189951 0.9840901435111349 0.00035598959505280897 0.9840604452081445 1.0031317768946446 0.9840574608530027 3.2682658132165976e-05
3.8739046821469167 -0.044297173900595954 0.9830621719281484 0.0003559902905118042 0.9832064066507812 1.0031298171866518 0.9832036307190698 -0.00014145879092142266
3.8739046821469167 -0.043611638529292396 0.9826420276626774 0.00035599079877736813 0.982396947407097 1.0031283849688981 0.9823942875156436 0.00024774014703377034
3.8739046821469167 -0.042926103623650125 0.9815168476037859 0.00035599168826819667 0.9816436755926364 1.0031258785241475 0.9816410798917421 -0.00012423228795621633
3.8739046821469167 -0.042240568718007854 0.9811863966205676 0.0003559922427336783 0.9809599889366223 1.0031243161342789 0.9809574846784613 0.00022891194210628019
3.8739046821469167 -0.041555033346704295 0.9806886906681709 0.00035599316226718155 0.9803667890175322 1.0031217250552515 0.9803642922716895 0.00032439839648135127
3.8739046821469167 -0.04086949797540074 0.9798985274879067 0.0003559937846724507 0.9798974107962981 1.0031199712374206 0.9798949265678065 3.600920100210736e-06
3.8739046821469167 -0.040183963069758466 0.9797987725896007 0.00035599488005498515 0.9796635362262097 1.0031168846759053 0.9796611044181696 0.00013766817143112675
3.8739046821469167 -0.039498428164116195 0.9800363040346719 0.0003559955768236854 0.979566738999962 1.0031149213356465 0.9795638386782162 0.0004724653564557313
3.8739046821469167 -0.03881289279281264 0.979320452657249 0.00035599664178645305 0.9794800804355566 1.0031119205207017 0.9794767529644778 -0.00015630030722879606
3.8739046821469167 -0.03812735742150908 0.9792696208670952 0.00035599751914996237 0.9794013124718279 1.003109448329893 0.9793975807572594 -0.0001279598901641199
3.8739046821469167 -0.03744182251586681 0.9792039432983503 0.00035599845155247754 0.9793291919524327 1.0031068210662952 0.9793250837630836 -0.00012114046473332696
3.8739046821469167 -0.036756287610224536 0.9792494467741449 0.00035599907390732966 0.9792621796382335 1.0031050674426398 0.9792577030786659 -8.256304520948277e-06
3.8739046821469167 -0.03607075223892098 0.9798331802240265 0.00035599977415466915 0.9791997794172504 1.0031030943468524 0.9791949303515616 0.0006382498724649688
3.8739046821469167 -0.03538521686761742 0.9784782304598365 0.00035600032560470783 0.9791413567562607 1.0031015405245653 0.9791361755206797 -0.000657945060843157
3.8739046821469167 -0.03469968149631386 0.9792900815317811 0.0003560011395379029 0.9790871826024582 1.003099247111564 0.9790816506104068 0.00020843092137434738
3.8739046821469167 -0.03401414659067159 0.9786500570341176 0.0003560017256017863 0.9790361091647224 1.0030975957705792 0.9790302455063248 -0.0003801884722072213
3.8739046821469167 -0.03332861168502932 0.9785180672535497 0.0003560022858038307 0.9789880775383857 1.0030960173050854 0.9789818887561831 -0.00046382150263335475
3.8739046821469167 -0.03264307631372576 0.97917867882467 0.00035600300594375924 0.9789429057608071 1.0030939881944256 0.9789364040780615 0.00024227474660853954
3.8739046821469167 -0.0319575409424222 0.9787564993432392 0.0003560035902254114 0.9788999970358355 1.0030923418924536 0.9788932050124889 -0.00013670566924972594
3.8739046821469167 -0.03127200603677993 0.979195906830301 0.00035600427073306513 0.9788599314508646 1.0030904244659724 0.9788528519638282 0.0003430548664727917
3.8739046821469167 -0.03058647113113766 0.9785953765489067 0.0003560048444049409 0.9788219773677789 1.003088808070088 0.9788146074616991 -0.00021923091279241191
3.8739046821469167 -0.029900935759834102 0.9784250744537704 0.00035600554170787106 0.9787862732505205 1.0030868433344782 0.9787786194074961 -0.00035354495372574846
3.8739046821469167 -0.029215400388530544 0.9789155071872013 0.000356006154106156 0.9787523202557662 1.0030851178343556 0.9787443681839341 0.00017113900326726217
3.8739046821469167 -0.028529865482888273 0.9780339980096411 0.00035600673080665767 0.97872008787411 1.0030834929221262 0.9787118949819447 -0.0006778969723035821
3.8739046821469167 -0.027844330111584714 0.9784681921077774 0.0003560073493475642 0.9786896576621408 1.003081750126158 0.9786811934508656 -0.00021300134308821494
3.8739046821469167 -0.027158795205942443 0.9789833236350383 0.0003560079637068112 0.9786607645982597 1.0030800191183955 0.9786520475588593 0.000331276076178999
3.8739046821469167 -0.026473259834638885 0.9785457432861848 0.00035600848631796273 0.9786331760455715 1.0030785466231489 0.9786242080744204 -7.846478823558822e-05
3.8739046821469167 -0.025787724463335326 0.979438448882275 0.00035600904952235845 0.9786069618311054 1.0030769597582996 0.9785977547049218 0.0008406941773532184
3.8739046821469167 -0.025102189557693055 0.9782354489200156 0.0003560097245378909 0.9785822071898521 1.0030750578649483 0.9785727785239627 -0.0003373296039471674
3.8739046821469167 -0.024416654652050784 0.9788929280664167 0.00035601036376240483 0.9785586086469152 1.0030732568214071 0.978548969690745 0.0003439583756716935
3.8739046821469167 -0.023731119280747226 0.9779579187948162 0.0003560110519653478 0.9785363431840202 1.00307131778619 0.9785264745454376 -0.0005685557506214245
3.8739046821469167 -0.023045583909443668 0.9781384524872552 0.0003560115218359067 0.9785147257394186 1.0030699939142034 0.9785046266152677 -0.0003661741280125419
3.8739046821469167 -0.022360049003801397 0.9787374561652695 0.00035601188088436403 0.9784937987938452 1.0030689822885999 0.9784835003653775 0.0002539557998920694
3.8739046821469167 -0.021674514098159126 0.9776724015577604 0.0003560123849521491 0.9784743128990242 1.0030675620718277 0.9784638286320417 -0.00079142707428137
3.8739046821469167 -0.020988978726855567 0.9789549195111567 0.00035601290487022823 0.9784559113333701 1.0030660972008836 0.9784452436993323 0.0005096758118243727
3.8739046821469167 -0.02030344335555201 0.9781980928274788 0.00035601339773539347 0.9784383480950525 1.003064708555566 0.9784275003473657 -0.00022940751988687058
3.8739046821469167 -0.019617908449909738 0.9790200021042313 0.00035601390264683333 0.9784216321438896 1.0030632859739126 0.9784106147227809 0.0006093873814504436
3.8739046821469167 -0.01893237307860618 0.9772813027185001 0.0003560143541734838 0.9784057920093983 1.003062013806652 0.9783945981678779 -0.0011132954493777714
3.8739046821469167 -0.01824683817296391 0.9785306701883865 0.00035601508147048146 0.9783910157316484 1.0030599646687668 0.9783796655129007 0.00015100467548578855
3.8739046821469167 -0.01756130280166035 0.9781113187794005 0.00035601565777585776 0.9783770393112866 1.0030583409512763 0.9783655161413918 -0.00025419736199128184
3.8739046821469167 -0.01687576743035679 0.977913848600652 0.000356016170173797 0.9783635334934052 1.0030568972948644 0.9783518581217022 -0.00043800952105021995
3.8739046821469167 -0.01619023252471452 0.9787054400162598 0.00035601674106438755 0.9783508523776073 1.0030552888431306 0.978339048548884 0.0003663914673758262
3.8739046821469167 -0.01550469761907225 0.9787626316622865 0.00035601738400342615 0.9783389076231415 1.0030534774051725 0.9783269438236762 0.00043568783861025473
3.8739046821469167 -0.014819162247768691 0.9784300655552824 0.0003560178895466041 0.9783272560160448 1.003052053075504 0.9783151313271526 0.0001149342281298038
3.8739046821469167 -0.014133626876465133 0.9787170671038478 0.0003560185615657028 0.9783166348877571 1.0030501597187822 0.9783043918748782 0.0004126752289695945
3.8739046821469167 -0.013448091970822862 0.9781025350924379 0.0003560192317207368 0.9783068053076395 1.0030482716210223 0.9782944472935107 -0.00019191220107273033
3.8739046821469167 -0.01276255706518059 0.9776587350761009 0.000356019802091453 0.9782973255692051 1.0030466646616405 0.9782848329777942 -0.0006260979016933232
3.8739046821469167 -0.012077021693877033 0.978849090276422 0.00035602043525228346 0.9782884146887686 1.0030448808037595 0.9782757961146819 0.0005732941617401233
3.8739046821469167 -0.011391486322573474 0.978120814397031 0.000356021036748011 0.9782801417186201 1.0030431861645444 0.9782674077160325 -0.00014659331900146455
3.8739046821469167 -0.010705951416931203 0.9777844304761688 0.00035602143406385 0.9782722101374272 1.0030420667798474 0.9782593621509146 -0.000474931674745771
3.8739046821469167 -0.010020416045627645 0.9784088630065155 0.0003560220040971397 0.9782648729259741 1.003040460790997 0.978251918622671 0.00015694438384450393
3.8739046821469167 -0.009334881139985374 0.9783720358159299 0.00035602253517494207 0.9782582161998326 1.0030389645583968 0.978245168938219 0.0001268668777109072
3.8739046821469167 -0.008649345768681815 0.97835273439041 0.0003560229622026863 0.9782518043441502 1.0030377614745738 0.9782386807327477 0.00011405365766237185
3.8739046821469167 -0.007963810397378257 0.9781730550340565 0.0003560233763270621 0.9782459422723643 1.0030365947467281 0.9782327221015849 -5.9667067528357265e-05
3.8739046821469167 -0.007278275491735986 0.9786456150060593 0.0003560239210538013 0.9782408765432203 1.0030350600721705 0.9782275650365707 0.0004180499694885764
3.8739046821469167 -0.006592740586093715 0.9781591853977059 0.00035602448739405137 0.9782361136500735 1.0030334645102166 0.9782227426549887 -6.355725728279804e-05
3.8739046821469167 -0.005907205214790157 0.9783329323940751 0.00035602500422467963 0.9782318689370499 1.0030320084371613 0.9782184332779333 0.00011449911614180852
3.8739046821469167 -0.005221669843486598 0.9781104273387526 0.00035602547281739515 0.978227939178291 1.0030306882690037 0.978214445735466 -0.00010401839671336788
3.8739046821469167 -0.004536134937844327 0.9783720693343195 0.000356026050621185 0.9782244669718366 1.0030290604248275 0.978210929779121 0.00016113955519847512
3.8739046821469167 -0.003850600032202056 0.9787114400560848 0.00035602653651079365 0.978221274149758 1.0030276915341756 0.9782076893786921 0.0005037506773927225
3.8739046821469167 -0.003165064660898498 0.9791106970686748 0.000356027065386977 0.978218722319375 1.003026201542237 0.9782050892988369 0.0009056077698379461
3.8739046821469167 -0.0024795292895949395 0.978401011722308 0.00035602753049636653 0.9782164185274071 1.0030248912028272 0.9782027491607378 0.00019826256157018385
3.8739046821469167 -0.001793993918291381 0.9777846416399337 0.00035602807100667275 0.9782146330241929 1.0030233684428673 0.9782009250176165 -0.0004162833776827357
3.8739046821469167 -0.00110845901264911 0.9776138962885232 0.00035602852274090177 0.978213215844136 1.0030220957920568 0.9781994746940705 -0.0005855784055472935
3.8739046821469167 -0.000422924107006839 0.9782568603641271 0.00035602904116811715 0.9782122669571188 1.0030206352540334 0.9781985066346542 5.8353729472826465e-05
3.8739046821469167 0.0002626112642967193 0.9788329521962968 0.00035602955185959475 0.9782117114667499 1.0030191965136603 0.9781979409606488 0.0006350112356480198
3.8739046821469167 0.0009481466356002777 0.9784132064351495 0.0003560300478543431 0.978211513307115 1.0030177991814493 0.9781977251909589 0.00021548124419057402
3.8739046821469167 0.0016336815412425487 0.9785676171150643 0.00035603056513015547 0.978211699484136 1.003016341899694 0.9781978981217924 0.00036971899327198354
3.8739046821469167 0.0023192164468848198 0.978915737625956 0.00035603104977559525 0.978212246491777 1.0030149765488447 0.9781984333132113 0.0007173043127446377
3.8739046821469167 0.003004751818188378 0.9786534880654241 0.0003560315448373061 0.9782131749486536 1.0030135818569488 0.978199370531496 0.00045411753392810006
3.8739046821469167 0.0036902871894919365 0.9778949012982815 0.00035603200305236895 0.9782145785902817 1.003012290973187 0.9782007843981285 -0.00030588309984702633
3.8739046821469167 0.0043758220951342075 0.9780794066136658 0.00035603249037325377 0.978216368089789 1.0030109180961313 0.9782025822710125 -0.0001231756573467635
3.8739046821469167 0.0050613570007764785 0.9778903408592714 0.0003560330276684284 0.9782186443196227 1.003009404436205 0.9782048764415493 -0.00031453558227789724
3.8739046821469167 0.005746892372080037 0.9787388230539851 0.00035603347823446815 0.978221185655935 1.0030081351118216 0.9782074484387451 0.000531374615239999
3.8739046821469167 0.006432427743383595 0.9781586644177515 0.00035603400923651035 0.9782243626734414 1.0030066391890888 0.9782106547869857 -5.199036923420053e-05
3.8739046821469167 0.007117963114687154 0.9779713326100437 0.0003560344840898804 0.9782278328476337 1.0030053014504592 0.9782141543365991 -0.0002428217265554311
3.8739046821469167 0.007803498020329425 0.9783248450383674 0.0003560349677575981 0.9782317420174909 1.0030039388840573 0.9782181132723181 0.00010673176604925061
3.8739046821469167 0.008489032925971696 0.978033028410512 0.00035603540929605445 0.9782359766904235 1.003002695005501 0.9782223934833878 -0.0001893650728758134
3.8739046821469167 0.009174568297275254 0.9786198536158007 0.0003560358537372959 0.9782407162179751 1.0030014429524894 0.9782271737902134 0.0003926798255873276
3.8739046821469167 0.009860103668578812 0.9783691837361284 0.00035603624293699 0.9782457911645399 1.0030003465251944 0.9782323073445447 0.00013687639158366238
3.8739046821469167 0.010545638574221083 0.9780141460231438 0.0003560367420371931 0.9782516034299665 1.0029989404970587 0.9782381912834457 -0.0002240452603018417
3.8739046821469167 0.011231173479863354 0.9781732925344047 0.0003560373141569102 0.9782580196932943 1.0029973287686043 0.9782446628679409 -7.137033353621369e-05
3.8739046821469167 0.011916708851166913 0.9778547935227394 0.00035603777359449507 0.978264663951102 1.0029960344827038 0.9782513855035004 -0.00039659198076102964
3.8739046821469167 0.012602244222470471 0.9783184833014733 0.00035603830256947716 0.9782719620481329 1.002994544306491 0.9782587574452082 5.972585626512483e-05
3.8739046821469167 0.013287779128112742 0.9787548539545691 0.00035603886759287263 0.9782798984803632 1.0029929525831296 0.9782667701734374 0.00048808378113163187
3.8739046821469167 0.013973314033755013 0.9779699903303104 0.00035603934021409685 0.9782881695840233 1.0029916211691436 0.9782751329843602 -0.0003051426540497948
3.8739046821469167 0.014658849405058572 0.9778394118721421 0.00035603976642841384 0.978297036573579 1.002990420490374 0.9782840953235209 -0.0004446834513788245
3.8739046821469167 0.01534438477636213 0.9786972906457557 0.0003560402085818319 0.9783064830047186 1.0029891749129587 0.9782936235074434 0.0004036671383123025
3.8739046821469167 0.01602992014766569 0.978183224091443 0.00035604055978757113 0.9783162810802698 1.0029881855437843 0.9783035302933243 -0.00012030620188130392
3.8739046821469167 0.01671545505330796 0.9782839837146327 0.0003560409490571573 0.9783269162382091 1.002987088948584 0.9783142846377048 -3.030092307210186e-05
3.8739046821469167 0.01740098995895023 0.9781782514430805 0.0003560415313448473 0.978338567174893 1.0029854486145675 0.9783260511797556 -0.0001477997366751138
3.8739046821469167 0.01808652533025379 0.9784364015887358 0.00035604189851792036 0.9783504856811106 1.002984414272118 0.9783380921853557 9.830940338007021e-05
3.8739046821469167 0.018772060701557347 0.9783540247273128 0.0003560423193435466 0.9783631381124142 1.0029832287907263 0.9783508616563974 3.163070915412902e-06
3.8739046821469167 0.019457595607199618 0.9783817387917962 0.00035604282690024185 0.9783766159149356 1.0029817989884258 0.9783644717386516 1.726705314464283e-05
